###########
# Tempo Metodo SOR: 0.00001497     
# Tempo Resíduo: 0.00001774     

# Norma do Residuo
# i=1: 44698.57794314299826510251
# i=2: 41174.55178437378344824538
# i=3: 36227.53214943984494311735
# i=4: 31846.67805294253048487008
# i=5: 27994.24883312749443575740
# i=6: 24602.02754901775551843457
# i=7: 21614.55913206072364118882
# i=8: 18728.87263620423982501961
# i=9: 15178.61239520498747879174
# i=10: 10808.13793749011165346019
0.00000000 0.00000000 0.00000000
0.25000000 0.00000000 0.00000000
0.50000000 0.00000000 0.00000000
0.75000000 0.00000000 0.00000000
1.00000000 0.00000000 0.00000000
1.25000000 0.00000000 0.00000000
1.50000000 0.00000000 0.00000000
1.75000000 0.00000000 0.00000000
2.00000000 0.00000000 0.00000000
0.00000000 0.12500000 0.00000000
0.25000000 0.12500000 0.70580143
0.50000000 0.12500000 -32.67639957
0.75000000 0.12500000 -23.23076121
1.00000000 0.12500000 23.04206220
1.25000000 0.12500000 20.87453599
1.50000000 0.12500000 -29.74348304
1.75000000 0.12500000 1.65386095
2.00000000 0.12500000 0.00000000
0.00000000 0.25000000 0.00000000
0.25000000 0.25000000 -7.29285581
0.50000000 0.25000000 -21.08436457
0.75000000 0.25000000 -12.49681628
1.00000000 0.25000000 8.74510242
1.25000000 0.25000000 4.93844180
1.50000000 0.25000000 -5.63245526
1.75000000 0.25000000 -7.17018355
2.00000000 0.25000000 0.00000000
0.00000000 0.37500000 0.00000000
0.25000000 0.37500000 0.27260092
0.50000000 0.37500000 -6.90635104
0.75000000 0.37500000 -8.70380082
1.00000000 0.37500000 -0.79319048
1.25000000 0.37500000 4.78370560
1.50000000 0.37500000 -0.13209549
1.75000000 0.37500000 -8.45112634
2.00000000 0.37500000 0.00000000
0.00000000 0.50000000 0.00000000
0.25000000 0.50000000 14.09523466
0.50000000 0.50000000 -2.98027365
0.75000000 0.50000000 -18.35971877
1.00000000 0.50000000 -0.77430287
1.25000000 0.50000000 17.34531700
1.50000000 0.50000000 -3.98262522
1.75000000 0.50000000 -13.99210534
2.00000000 0.50000000 0.00000000
0.00000000 0.62500000 0.00000000
0.25000000 0.62500000 31.25359460
0.50000000 0.62500000 -3.58131687
0.75000000 0.62500000 -35.98646349
1.00000000 0.62500000 0.56671155
1.25000000 0.62500000 34.36929629
1.50000000 0.62500000 -3.80196603
1.75000000 0.62500000 -30.30769584
2.00000000 0.62500000 0.00000000
0.00000000 0.75000000 0.00000000
0.25000000 0.75000000 62.74484072
0.50000000 0.75000000 -3.86742746
0.75000000 0.75000000 -67.62260574
1.00000000 0.75000000 0.43835932
1.25000000 0.75000000 64.95143014
1.50000000 0.75000000 -1.44740757
1.75000000 0.75000000 -63.58356277
2.00000000 0.75000000 0.00000000
0.00000000 0.87500000 0.00000000
0.25000000 0.87500000 129.52747948
0.50000000 0.87500000 -3.40352051
0.75000000 0.87500000 -133.96830625
1.00000000 0.87500000 -0.48317170
1.25000000 0.87500000 130.99445065
1.50000000 0.87500000 -0.46774517
1.75000000 0.87500000 -131.23098234
2.00000000 0.87500000 0.00000000
0.00000000 1.00000000 0.00000000
0.25000000 1.00000000 267.74494086
0.50000000 1.00000000 -0.00002341
0.75000000 1.00000000 -267.74494086
1.00000000 1.00000000 0.00004681
1.25000000 1.00000000 267.74494086
1.50000000 1.00000000 -0.00007022
1.75000000 1.00000000 -267.74494086
2.00000000 1.00000000 0.00000000