###########
# Tempo Metodo GS: 0.00001132     
# Tempo Resíduo: 0.00001519     

# Norma do Residuo
# i=1: 15038.86580909859185339883
# i=2: 5530.22326460313070128905
# i=3: 2223.20505169594343897188
# i=4: 949.18723056301155338588
# i=5: 421.34252242553003497960
# i=6: 192.10336870795714503402
# i=7: 87.36356330391973301630
# i=8: 38.79850666610053622207
# i=9: 17.44179570514791066671
# i=10: 8.09404948249217959244
0.00000000 0.00000000 0.00000000
0.25000000 0.00000000 0.00000000
0.50000000 0.00000000 0.00000000
0.75000000 0.00000000 0.00000000
1.00000000 0.00000000 0.00000000
1.25000000 0.00000000 0.00000000
1.50000000 0.00000000 0.00000000
1.75000000 0.00000000 0.00000000
2.00000000 0.00000000 0.00000000
0.00000000 0.12500000 0.00000000
0.25000000 0.12500000 1.09525167
0.50000000 0.12500000 0.02146418
0.75000000 0.12500000 -1.08208361
1.00000000 0.12500000 -0.01603292
1.25000000 0.12500000 1.08558510
1.50000000 0.12500000 0.02586149
1.75000000 0.12500000 -1.06327830
2.00000000 0.12500000 0.00000000
0.00000000 0.25000000 0.00000000
0.25000000 0.25000000 2.86206156
0.50000000 0.25000000 0.02638803
0.75000000 0.25000000 -2.84367618
1.00000000 0.25000000 -0.01781826
1.25000000 0.25000000 2.85115863
1.50000000 0.25000000 0.03633256
1.75000000 0.25000000 -2.81611294
2.00000000 0.25000000 0.00000000
0.00000000 0.37500000 0.00000000
0.25000000 0.37500000 6.37820359
0.50000000 0.37500000 0.02239361
0.75000000 0.37500000 -6.36034041
1.00000000 0.37500000 -0.01272171
1.25000000 0.37500000 6.37082920
1.50000000 0.37500000 0.03568850
1.75000000 0.37500000 -6.33309363
2.00000000 0.37500000 0.00000000
0.00000000 0.50000000 0.00000000
0.25000000 0.50000000 13.76526655
0.50000000 0.50000000 0.01549604
0.75000000 0.50000000 -13.75106540
1.00000000 0.50000000 -0.00648894
1.25000000 0.50000000 13.76224705
1.50000000 0.50000000 0.02854199
1.75000000 0.50000000 -13.72975974
2.00000000 0.50000000 0.00000000
0.00000000 0.62500000 0.00000000
0.25000000 0.62500000 29.38149208
0.50000000 0.62500000 0.00909893
0.75000000 0.62500000 -29.37193127
1.00000000 0.62500000 -0.00205941
1.25000000 0.62500000 29.38137109
1.50000000 0.62500000 0.01913712
1.75000000 0.62500000 -29.35826181
2.00000000 0.62500000 0.00000000
0.00000000 0.75000000 0.00000000
0.25000000 0.75000000 62.15251335
0.50000000 0.75000000 0.00443726
0.75000000 0.75000000 -62.14720458
1.00000000 0.75000000 0.00001777
1.25000000 0.75000000 62.15342259
1.50000000 0.75000000 0.01045877
1.75000000 0.75000000 -62.14016526
2.00000000 0.75000000 0.00000000
0.00000000 0.87500000 0.00000000
0.25000000 0.87500000 130.00286421
0.50000000 0.87500000 0.00153689
0.75000000 0.87500000 -130.00078442
1.00000000 0.87500000 0.00041702
1.25000000 0.87500000 130.00355186
1.50000000 0.87500000 0.00397177
1.75000000 0.87500000 -129.99828368
2.00000000 0.87500000 0.00000000
0.00000000 1.00000000 0.00000000
0.25000000 1.00000000 267.74494086
0.50000000 1.00000000 -0.00002341
0.75000000 1.00000000 -267.74494086
1.00000000 1.00000000 0.00004681
1.25000000 1.00000000 267.74494086
1.50000000 1.00000000 -0.00007022
1.75000000 1.00000000 -267.74494086
2.00000000 1.00000000 0.00000000