4
19
170 180 190 200 210 220 230 240 250 260 270 280 290 300 310 320 330 340 350
27
89  90  91  92  93  94  95  96  97  98  99  100 101 102 103 104 105 106 107 108 109 110 111 112 113 114 115
0.896   0.895   0.888   0.892   0.885   0.884   0.877   0.881   0.874   0.873   0.871   0.87    0.874   0.873   0.866   0.87    0.869   0.873   0.872   0.876   0.875   0.879   0.878   0.882   0.881   0.885   0.884
0.905   0.904   0.898   0.901   0.895   0.894   0.888   0.891   0.885   0.884   0.882   0.881   0.884   0.883   0.877   0.88    0.879   0.882   0.881   0.884   0.883   0.886   0.885   0.888   0.887   0.89    0.889
0.914   0.913   0.908   0.91    0.905   0.904   0.899   0.901   0.896   0.895   0.893   0.892   0.894   0.893   0.888   0.89    0.889   0.891   0.89    0.892   0.891   0.893   0.892   0.894   0.893   0.895   0.894
0.923   0.922   0.918   0.919   0.915   0.914   0.91    0.911   0.907   0.906   0.904   0.903   0.904   0.903   0.899   0.9     0.899   0.9     0.899   0.9     0.899   0.9     0.899   0.9     0.899   0.9     0.899
0.932   0.931   0.928   0.928   0.925   0.924   0.921   0.921   0.918   0.917   0.915   0.914   0.914   0.913   0.91    0.91    0.909   0.909   0.908   0.908   0.907   0.907   0.906   0.906   0.905   0.905   0.904
0.941   0.94    0.938   0.937   0.935   0.934   0.932   0.931   0.929   0.928   0.926   0.925   0.924   0.923   0.921   0.92    0.919   0.918   0.917   0.916   0.915   0.914   0.913   0.912   0.911   0.91    0.909
0.95    0.949   0.948   0.946   0.945   0.944   0.943   0.941   0.94    0.939   0.937   0.936   0.934   0.933   0.932   0.93    0.929   0.927   0.926   0.924   0.923   0.921   0.92    0.918   0.917   0.915   0.914
0.953   0.952   0.952   0.951   0.951   0.95    0.949   0.948   0.947   0.946   0.945   0.944   0.943   0.941   0.94    0.938   0.937   0.935   0.934   0.932   0.93    0.928   0.926   0.924   0.922   0.92    0.917
0.949   0.95    0.95    0.951   0.951   0.951   0.952   0.951   0.951   0.951   0.95    0.95    0.949   0.948   0.946   0.945   0.944   0.942   0.94    0.938   0.936   0.934   0.931   0.929   0.926   0.923   0.92
0.938   0.941   0.943   0.945   0.947   0.949   0.95    0.951   0.952   0.952   0.953   0.953   0.952   0.952   0.951   0.95    0.949   0.947   0.946   0.944   0.941   0.939   0.936   0.933   0.93    0.926   0.922
0.922   0.927   0.931   0.935   0.938   0.942   0.945   0.947   0.949   0.951   0.952   0.953   0.954   0.954   0.954   0.953   0.953   0.951   0.95    0.948   0.945   0.943   0.939   0.936   0.932   0.928   0.923
0.899   0.906   0.913   0.919   0.925   0.93    0.935   0.939   0.943   0.946   0.949   0.951   0.953   0.954   0.955   0.955   0.955   0.954   0.953   0.951   0.948   0.945   0.942   0.938   0.934   0.929   0.923
0.869   0.88    0.889   0.898   0.907   0.915   0.922   0.928   0.934   0.939   0.943   0.947   0.95    0.952   0.954   0.955   0.955   0.955   0.954   0.953   0.95    0.947   0.944   0.939   0.934   0.928   0.922
0.833   0.847   0.86    0.873   0.884   0.895   0.904   0.913   0.921   0.928   0.935   0.94    0.945   0.948   0.951   0.953   0.955   0.955   0.955   0.953   0.951   0.948   0.944   0.939   0.934   0.927   0.92
0.791   0.809   0.826   0.842   0.856   0.87    0.883   0.895   0.905   0.915   0.923   0.931   0.937   0.943   0.947   0.95    0.952   0.954   0.954   0.953   0.951   0.948   0.944   0.939   0.933   0.926   0.917
0.742   0.765   0.786   0.806   0.824   0.841   0.857   0.872   0.886   0.898   0.909   0.919   0.927   0.935   0.941   0.945   0.949   0.951   0.952   0.951   0.95    0.947   0.943   0.937   0.931   0.923   0.913
0.687   0.714   0.74    0.764   0.787   0.808   0.828   0.846   0.863   0.878   0.892   0.904   0.915   0.925   0.932   0.939   0.943   0.947   0.948   0.949   0.947   0.945   0.941   0.935   0.928   0.919   0.909
0.626   0.658   0.689   0.718   0.745   0.771   0.795   0.817   0.837   0.856   0.873   0.888   0.901   0.912   0.922   0.93    0.937   0.941   0.944   0.945   0.944   0.942   0.937   0.931   0.924   0.914   0.903
0.558   0.596   0.632   0.667   0.699   0.729   0.757   0.784   0.808   0.83    0.85    0.868   0.884   0.898   0.91    0.92    0.928   0.934   0.938   0.94    0.94    0.938   0.933   0.927   0.919   0.909   0.896

